[gd_scene load_steps=4 format=2]

[ext_resource path="res://asset/burg/Dach.tscn" type="PackedScene" id=1]
[ext_resource path="res://asset/burg/ZinnePlace.tscn" type="PackedScene" id=2]
[ext_resource path="res://asset/burg/Zinne1.tscn" type="PackedScene" id=3]

[node name="Dach" index="0" instance=ExtResource( 1 )]

[node name="Zinnen" type="Spatial" parent="." index="1"]
transform = Transform( 1, 0, 0, 0, 1, 0, 0, 0, 1, 0, 0.25, 0 )

[node name="Ecken" type="Spatial" parent="Zinnen" index="0"]

[node name="ZinnePlace" parent="Zinnen/Ecken" index="0" instance=ExtResource( 2 )]
transform = Transform( 1, 0, 0, 0, 1, 0, 0, 0, 1, -4.7192, 16, 3.08867 )

[node name="ZinnePlace2" parent="Zinnen/Ecken" index="1" instance=ExtResource( 2 )]
transform = Transform( 1, 0, 0, 0, 1, 0, 0, 0, 1, 4.78358, 16, 3.08867 )

[node name="ZinnePlace29" parent="Zinnen/Ecken" index="2" instance=ExtResource( 2 )]
transform = Transform( 1, 0, 0, 0, 1, 0, 0, 0, 1, 4.78358, 16, -4.99333 )

[node name="ZinnePlace30" parent="Zinnen/Ecken" index="3" instance=ExtResource( 2 )]
transform = Transform( -1, 0, -1.50996e-007, 0, 1, 0, 1.50996e-007, 0, -1, -4.75146, 16, -4.99333 )

[node name="ZinnePlace3" parent="Zinnen/Ecken" index="4" instance=ExtResource( 2 )]
transform = Transform( 1, 0, 0, 0, 1, 0, 0, 0, 1, 4.78358, 16, -14.477 )

[node name="ZinnePlace16" parent="Zinnen/Ecken" index="5" instance=ExtResource( 2 )]
transform = Transform( 1, 0, 0, 0, 1, 0, 0, 0, 1, -4.79052, 16, -14.5317 )

[node name="ZinnePlace17" parent="Zinnen/Ecken" index="6" instance=ExtResource( 2 )]
transform = Transform( 1, 0, 0, 0, 1, 0, 0, 0, 1, -10.9876, 16.1379, -14.4972 )

[node name="ZinnePlace19" parent="Zinnen/Ecken" index="7" instance=ExtResource( 2 )]
transform = Transform( 1, 0, 0, 0, 1, 0, 0, 0, 1, -11.5306, 16, -21.5993 )

[node name="ZinnePlace20" parent="Zinnen/Ecken" index="8" instance=ExtResource( 2 )]
transform = Transform( 1, 0, 0, 0, 1, 0, 0, 0, 1, -4.27338, 16, -21.5993 )

[node name="ZinnePlace18" parent="Zinnen/Ecken" index="9" instance=ExtResource( 2 )]
transform = Transform( 1, 0, 0, 0, 1, 0, 0, 0, 1, -11.4616, 16, -14.1007 )

[node name="ZinnePlace21" parent="Zinnen/Ecken" index="10" instance=ExtResource( 2 )]
transform = Transform( 0.749748, 0, -0.661723, 0, 1, 0, 0.661723, 0, 0.749748, -25.1495, 16, -15.0579 )

[node name="ZinnePlace22" parent="Zinnen/Ecken" index="11" instance=ExtResource( 2 )]
transform = Transform( 0.749748, 0, -0.661723, 0, 1, 0, 0.661723, 0, 0.749748, -19.5398, 16, -10.0112 )

[node name="ZinnePlace23" parent="Zinnen/Ecken" index="12" instance=ExtResource( 2 )]
transform = Transform( 0.728575, 0, -0.684966, 0, 1, 0, 0.684966, 0, 0.728575, -24.687, 16, -4.86397 )

[node name="ZinnePlace32" parent="Zinnen/Ecken" index="13" instance=ExtResource( 2 )]
transform = Transform( 0.728575, 0, -0.684966, 0, 1, 0, 0.684966, 0, 0.728575, -27.3961, 16, -7.30676 )

[node name="ZinnePlace31" parent="Zinnen/Ecken" index="14" instance=ExtResource( 2 )]
transform = Transform( 0.728575, 0, -0.684966, 0, 1, 0, 0.684966, 0, 0.728575, -22.0643, 16, -7.40639 )

[node name="ZinnePlace24" parent="Zinnen/Ecken" index="15" instance=ExtResource( 2 )]
transform = Transform( 0.728575, 0, -0.684966, 0, 1, 0, 0.684966, 0, 0.728575, -29.9348, 16, -9.62919 )

[node name="ZinnePlace25" parent="Zinnen/Ecken" index="16" instance=ExtResource( 2 )]
transform = Transform( 0.728575, 0, -0.684966, 0, 1, 0, 0.684966, 0, 0.728575, -24.7125, 16, -0.554494 )

[node name="ZinnePlace26" parent="Zinnen/Ecken" index="17" instance=ExtResource( 2 )]
transform = Transform( 0.754525, 0, -0.656272, 0, 1, 0, 0.656272, 0, 0.754525, -19.4307, 16, 3.88398 )

[node name="ZinnePlace34" parent="Zinnen/Ecken" index="18" instance=ExtResource( 2 )]
transform = Transform( 0.769346, 0, -0.638833, 0, 1, 0, 0.638833, 0, 0.769346, -22.0338, 16, 1.61984 )

[node name="ZinnePlace27" parent="Zinnen/Ecken" index="19" instance=ExtResource( 2 )]
transform = Transform( 0.754525, 0, -0.656272, 0, 1, 0, 0.656272, 0, 0.754525, -23.9032, 16, 8.85025 )

[node name="ZinnePlace33" parent="Zinnen/Ecken" index="20" instance=ExtResource( 2 )]
transform = Transform( 0.754525, 0, -0.656272, 0, 1, 0, 0.656272, 0, 0.754525, -26.5769, 16, 6.59102 )

[node name="ZinnePlace28" parent="Zinnen/Ecken" index="21" instance=ExtResource( 2 )]
transform = Transform( 0.754525, 0, -0.656272, 0, 1, 0, 0.656272, 0, 0.754525, -29.1142, 16, 4.43107 )

[node name="ZinnePlace4" parent="Zinnen/Ecken" index="22" instance=ExtResource( 2 )]
transform = Transform( 0.999906, 0, -0.0137037, 0, 1, 0, 0.0137037, 0, 0.999906, 11.0512, 15.905, -14.3179 )

[node name="ZinnePlace5" parent="Zinnen/Ecken" index="23" instance=ExtResource( 2 )]
transform = Transform( 1, 0, 0, 0, 1, 0, 0, 0, 1, 11.5378, 16.0349, -13.961 )

[node name="ZinnePlace6" parent="Zinnen/Ecken" index="24" instance=ExtResource( 2 )]
transform = Transform( 1, 0, 0, 0, 1, 0, 0, 0, 1, 11.5612, 16, -21.6064 )

[node name="ZinnePlace7" parent="Zinnen/Ecken" index="25" instance=ExtResource( 2 )]
transform = Transform( 1, 0, 0, 0, 1, 0, 0, 0, 1, 4.29106, 16, -21.577 )

[node name="ZinnePlace8" parent="Zinnen/Ecken" index="26" instance=ExtResource( 2 )]
transform = Transform( 0.662913, 0, -0.748697, 0, 1, 0, 0.748697, 0, 0.662913, 25.1166, 16, -14.9226 )

[node name="ZinnePlace9" parent="Zinnen/Ecken" index="27" instance=ExtResource( 2 )]
transform = Transform( 0.662913, 0, -0.748697, 0, 1, 0, 0.748697, 0, 0.662913, 29.9944, 16, -9.46251 )

[node name="ZinnePlace35" parent="Zinnen/Ecken" index="28" instance=ExtResource( 2 )]
transform = Transform( 0.696965, 0, -0.717105, 0, 1, 0, 0.717105, 0, 0.696965, 27.5741, 16, -12.196 )

[node name="ZinnePlace10" parent="Zinnen/Ecken" index="29" instance=ExtResource( 2 )]
transform = Transform( 0.71928, 0, -0.69472, 0, 1, 0, 0.69472, 0, 0.71928, 24.7167, 16, -4.65088 )

[node name="ZinnePlace36" parent="Zinnen/Ecken" index="30" instance=ExtResource( 2 )]
transform = Transform( 0.684375, 0, -0.72913, 0, 1, 0, 0.72913, 0, 0.684375, 27.3495, 16, -6.96825 )

[node name="ZinnePlace11" parent="Zinnen/Ecken" index="31" instance=ExtResource( 2 )]
transform = Transform( 0.671454, 0, -0.741046, 0, 1, 0, 0.741046, 0, 0.671454, 19.5584, 16, -9.85691 )

[node name="ZinnePlace37" parent="Zinnen/Ecken" index="32" instance=ExtResource( 2 )]
transform = Transform( 0.699757, 0, -0.714381, 0, 1, 0, 0.714381, 0, 0.699757, 22.0178, 16, -7.12877 )

[node name="ZinnePlace12" parent="Zinnen/Ecken" index="33" instance=ExtResource( 2 )]
transform = Transform( 0.64019, 0, -0.768216, 0, 1, 0, 0.768216, 0, 0.64019, 19.1229, 16, 3.26057 )

[node name="ZinnePlace13" parent="Zinnen/Ecken" index="34" instance=ExtResource( 2 )]
transform = Transform( 0.650891, 0, -0.759171, 0, 1, 0, 0.759171, 0, 0.650891, 24.322, 16, -0.776299 )

[node name="ZinnePlace14" parent="Zinnen/Ecken" index="35" instance=ExtResource( 2 )]
transform = Transform( 0.650891, 0, -0.759171, 0, 1, 0, 0.759171, 0, 0.650891, 29.1314, 16, 4.51578 )

[node name="ZinnePlace39" parent="Zinnen/Ecken" index="36" instance=ExtResource( 2 )]
transform = Transform( 0.663543, 0, -0.748138, 0, 1, 0, 0.748138, 0, 0.663543, 26.5459, 16, 6.87092 )

[node name="ZinnePlace38" parent="Zinnen/Ecken" index="37" instance=ExtResource( 2 )]
transform = Transform( 0.652213, 0, -0.758035, 0, 1, 0, 0.758035, 0, 0.652213, 26.7551, 16, 1.87979 )

[node name="ZinnePlace15" parent="Zinnen/Ecken" index="38" instance=ExtResource( 2 )]
transform = Transform( 0.650891, 0, -0.759171, 0, 1, 0, 0.759171, 0, 0.650891, 23.9773, 16, 9.13557 )

[node name="Bibliothek" type="Spatial" parent="Zinnen" index="1"]
editor/display_folded = true

[node name="Zinne1" parent="Zinnen/Bibliothek" index="0" instance=ExtResource( 3 )]
transform = Transform( 1, 0, 0, 0, 1, 0, 0, 0, 1, -3.70445, 16, 3.0742 )

[node name="Zinne29" parent="Zinnen/Bibliothek" index="1" instance=ExtResource( 3 )]
transform = Transform( -1, 0, -1.50996e-007, 0, 1, 0, 1.50996e-007, 0, -1, -3.70445, 16, -15.0407 )

[node name="Zinne2" parent="Zinnen/Bibliothek" index="2" instance=ExtResource( 3 )]
transform = Transform( 1, 0, 0, 0, 1, 0, 0, 0, 1, -2.20443, 16, 3.0742 )

[node name="Zinne34" parent="Zinnen/Bibliothek" index="3" instance=ExtResource( 3 )]
transform = Transform( -1, 0, -1.50996e-007, 0, 1, 0, 1.50996e-007, 0, -1, -2.20443, 16, -15.0407 )

[node name="Zinne3" parent="Zinnen/Bibliothek" index="4" instance=ExtResource( 3 )]
transform = Transform( 1, 0, 0, 0, 1, 0, 0, 0, 1, -0.705207, 16, 3.0742 )

[node name="Zinne32" parent="Zinnen/Bibliothek" index="5" instance=ExtResource( 3 )]
transform = Transform( -1, 0, -1.50996e-007, 0, 1, 0, 1.50996e-007, 0, -1, -0.705207, 16, -15.0407 )

[node name="Zinne4" parent="Zinnen/Bibliothek" index="6" instance=ExtResource( 3 )]
transform = Transform( 1, 0, 0, 0, 1, 0, 0, 0, 1, 0.794013, 16, 3.0742 )

[node name="Zinne30" parent="Zinnen/Bibliothek" index="7" instance=ExtResource( 3 )]
transform = Transform( -1, 0, -1.50996e-007, 0, 1, 0, 1.50996e-007, 0, -1, 0.794013, 16, -15.0407 )

[node name="Zinne5" parent="Zinnen/Bibliothek" index="8" instance=ExtResource( 3 )]
transform = Transform( 1, 0, 0, 0, 1, 0, 0, 0, 1, 2.29388, 16, 3.0742 )

[node name="Zinne31" parent="Zinnen/Bibliothek" index="9" instance=ExtResource( 3 )]
transform = Transform( -1, 0, -1.50996e-007, 0, 1, 0, 1.50996e-007, 0, -1, 2.29388, 16, -15.0407 )

[node name="Zinne6" parent="Zinnen/Bibliothek" index="10" instance=ExtResource( 3 )]
transform = Transform( 1, 0, 0, 0, 1, 0, 0, 0, 1, 3.79077, 16, 3.0742 )

[node name="Zinne33" parent="Zinnen/Bibliothek" index="11" instance=ExtResource( 3 )]
transform = Transform( -1, 0, -1.50996e-007, 0, 1, 0, 1.50996e-007, 0, -1, 3.79077, 16, -15.0407 )

[node name="Zinne7" parent="Zinnen/Bibliothek" index="12" instance=ExtResource( 3 )]
transform = Transform( -4.37114e-008, 0, 1, 0, 1, 0, -1, 0, -4.37114e-008, 4.77416, 16, 2.03408 )

[node name="Zinne18" parent="Zinnen/Bibliothek" index="13" instance=ExtResource( 3 )]
transform = Transform( 7.54979e-008, 0, -1, 0, 1, 0, 1, 0, 7.54979e-008, -4.76087, 16, 2.03408 )

[node name="Zinne8" parent="Zinnen/Bibliothek" index="14" instance=ExtResource( 3 )]
transform = Transform( -4.37114e-008, 0, 1, 0, 1, 0, -1, 0, -4.37114e-008, 4.77416, 16, 0.537297 )

[node name="Zinne28" parent="Zinnen/Bibliothek" index="15" instance=ExtResource( 3 )]
transform = Transform( 7.54979e-008, 0, -1, 0, 1, 0, 1, 0, 7.54979e-008, -4.76087, 16, 0.537297 )

[node name="Zinne9" parent="Zinnen/Bibliothek" index="16" instance=ExtResource( 3 )]
transform = Transform( -4.37114e-008, 0, 1, 0, 1, 0, -1, 0, -4.37114e-008, 4.77416, 16, -0.959594 )

[node name="Zinne27" parent="Zinnen/Bibliothek" index="17" instance=ExtResource( 3 )]
transform = Transform( 7.54979e-008, 0, -1, 0, 1, 0, 1, 0, 7.54979e-008, -4.76087, 16, -0.959594 )

[node name="Zinne10" parent="Zinnen/Bibliothek" index="18" instance=ExtResource( 3 )]
transform = Transform( -4.37114e-008, 0, 1, 0, 1, 0, -1, 0, -4.37114e-008, 4.77416, 16, -2.45959 )

[node name="Zinne21" parent="Zinnen/Bibliothek" index="19" instance=ExtResource( 3 )]
transform = Transform( 7.54979e-008, 0, -1, 0, 1, 0, 1, 0, 7.54979e-008, -4.76087, 16, -2.45959 )

[node name="Zinne11" parent="Zinnen/Bibliothek" index="20" instance=ExtResource( 3 )]
transform = Transform( -4.37114e-008, 0, 1, 0, 1, 0, -1, 0, -4.37114e-008, 4.77416, 16, -3.95959 )

[node name="Zinne22" parent="Zinnen/Bibliothek" index="21" instance=ExtResource( 3 )]
transform = Transform( 7.54979e-008, 0, -1, 0, 1, 0, 1, 0, 7.54979e-008, -4.76087, 16, -3.95959 )

[node name="Zinne12" parent="Zinnen/Bibliothek" index="22" instance=ExtResource( 3 )]
transform = Transform( -4.37114e-008, 0, 1, 0, 1, 0, -1, 0, -4.37114e-008, 4.77416, 16, -6.01495 )

[node name="Zinne23" parent="Zinnen/Bibliothek" index="23" instance=ExtResource( 3 )]
transform = Transform( 7.54979e-008, 0, -1, 0, 1, 0, 1, 0, 7.54979e-008, -4.76087, 16, -6.01495 )

[node name="Zinne13" parent="Zinnen/Bibliothek" index="24" instance=ExtResource( 3 )]
transform = Transform( -4.37114e-008, 0, 1, 0, 1, 0, -1, 0, -4.37114e-008, 4.77416, 16, -7.51495 )

[node name="Zinne24" parent="Zinnen/Bibliothek" index="25" instance=ExtResource( 3 )]
transform = Transform( 7.54979e-008, 0, -1, 0, 1, 0, 1, 0, 7.54979e-008, -4.76087, 16, -7.51495 )

[node name="Zinne14" parent="Zinnen/Bibliothek" index="26" instance=ExtResource( 3 )]
transform = Transform( -4.37114e-008, 0, 1, 0, 1, 0, -1, 0, -4.37114e-008, 4.77416, 16, -9.01495 )

[node name="Zinne20" parent="Zinnen/Bibliothek" index="27" instance=ExtResource( 3 )]
transform = Transform( 7.54979e-008, 0, -1, 0, 1, 0, 1, 0, 7.54979e-008, -4.76087, 16, -9.01495 )

[node name="Zinne15" parent="Zinnen/Bibliothek" index="28" instance=ExtResource( 3 )]
transform = Transform( -4.37114e-008, 0, 1, 0, 1, 0, -1, 0, -4.37114e-008, 4.77416, 16, -10.515 )

[node name="Zinne19" parent="Zinnen/Bibliothek" index="29" instance=ExtResource( 3 )]
transform = Transform( 7.54979e-008, 0, -1, 0, 1, 0, 1, 0, 7.54979e-008, -4.76087, 16, -10.515 )

[node name="Zinne16" parent="Zinnen/Bibliothek" index="30" instance=ExtResource( 3 )]
transform = Transform( -4.37114e-008, 0, 1, 0, 1, 0, -1, 0, -4.37114e-008, 4.77416, 16, -12.015 )

[node name="Zinne25" parent="Zinnen/Bibliothek" index="31" instance=ExtResource( 3 )]
transform = Transform( 7.54979e-008, 0, -1, 0, 1, 0, 1, 0, 7.54979e-008, -4.76087, 16, -12.015 )

[node name="Zinne17" parent="Zinnen/Bibliothek" index="32" instance=ExtResource( 3 )]
transform = Transform( -4.37114e-008, 0, 1, 0, 1, 0, -1, 0, -4.37114e-008, 4.77416, 16, -13.515 )

[node name="Zinne26" parent="Zinnen/Bibliothek" index="33" instance=ExtResource( 3 )]
transform = Transform( 7.54979e-008, 0, -1, 0, 1, 0, 1, 0, 7.54979e-008, -4.76087, 16, -13.515 )

[node name="Turm5" type="Spatial" parent="Zinnen" index="2"]
editor/display_folded = true

[node name="Zinne35" parent="Zinnen/Turm5" index="0" instance=ExtResource( 3 )]
transform = Transform( 0.999677, 0, -0.0254278, 0, 1, 0, 0.0254278, 0, 0.999677, 5.68032, 16, -14.5235 )

[node name="Zinne39" parent="Zinnen/Turm5" index="1" instance=ExtResource( 3 )]
transform = Transform( 5.06202e-005, 0, -1, 0, 1, 0, 1, 0, 5.06202e-005, 4.283, 16, -16.0395 )

[node name="Zinne40" parent="Zinnen/Turm5" index="2" instance=ExtResource( 3 )]
transform = Transform( 5.06202e-005, 0, -1, 0, 1, 0, 1, 0, 5.06202e-005, 4.28293, 16, -17.5395 )

[node name="Zinne41" parent="Zinnen/Turm5" index="3" instance=ExtResource( 3 )]
transform = Transform( 5.06202e-005, 0, -1, 0, 1, 0, 1, 0, 5.06202e-005, 4.28285, 16, -19.0395 )

[node name="Zinne42" parent="Zinnen/Turm5" index="4" instance=ExtResource( 3 )]
transform = Transform( 5.06202e-005, 0, -1, 0, 1, 0, 1, 0, 5.06202e-005, 4.28277, 16, -20.5395 )

[node name="Zinne43" parent="Zinnen/Turm5" index="5" instance=ExtResource( 3 )]
transform = Transform( -1, 0, 0.000473889, 0, 1, 0, -0.000473889, 0, -1, 4.88303, 16, -21.5786 )

[node name="Zinne44" parent="Zinnen/Turm5" index="6" instance=ExtResource( 3 )]
transform = Transform( -1, 0, 0.000473889, 0, 1, 0, -0.000473889, 0, -1, 7.88303, 16, -21.5772 )

[node name="Zinne47" parent="Zinnen/Turm5" index="7" instance=ExtResource( 3 )]
transform = Transform( -1, 0, 0.000473889, 0, 1, 0, -0.000473889, 0, -1, 6.38303, 16, -21.5779 )

[node name="Zinne45" parent="Zinnen/Turm5" index="8" instance=ExtResource( 3 )]
transform = Transform( -1, 0, 0.000473889, 0, 1, 0, -0.000473889, 0, -1, 9.38303, 16, -21.5764 )

[node name="Zinne46" parent="Zinnen/Turm5" index="9" instance=ExtResource( 3 )]
transform = Transform( -1, 0, 0.000473889, 0, 1, 0, -0.000473889, 0, -1, 10.883, 16, -21.5757 )

[node name="Zinne48" parent="Zinnen/Turm5" index="10" instance=ExtResource( 3 )]
transform = Transform( -0.000875874, 0, 0.999999, 0, 1, 0, -0.999999, 0, -0.000875874, 11.5509, 16, -20.8136 )

[node name="Zinne49" parent="Zinnen/Turm5" index="11" instance=ExtResource( 3 )]
transform = Transform( -0.000875874, 0, 0.999999, 0, 1, 0, -0.999999, 0, -0.000875874, 11.5522, 16, -19.3136 )

[node name="Zinne50" parent="Zinnen/Turm5" index="12" instance=ExtResource( 3 )]
transform = Transform( -0.000875874, 0, 0.999999, 0, 1, 0, -0.999999, 0, -0.000875874, 11.5535, 16, -17.8136 )

[node name="Zinne51" parent="Zinnen/Turm5" index="13" instance=ExtResource( 3 )]
transform = Transform( -0.000875874, 0, 0.999999, 0, 1, 0, -0.999999, 0, -0.000875874, 11.5548, 16, -16.3136 )

[node name="Zinne52" parent="Zinnen/Turm5" index="14" instance=ExtResource( 3 )]
transform = Transform( -0.000875874, 0, 0.999999, 0, 1, 0, -0.999999, 0, -0.000875874, 11.5561, 16, -14.8136 )

[node name="Zinne36" parent="Zinnen/Turm5" index="15" instance=ExtResource( 3 )]
transform = Transform( 0.999677, 0, -0.0254278, 0, 1, 0, 0.0254278, 0, 0.999677, 7.18209, 16, -14.4853 )

[node name="Zinne37" parent="Zinnen/Turm5" index="16" instance=ExtResource( 3 )]
transform = Transform( 0.999677, 0, -0.0254278, 0, 1, 0, 0.0254278, 0, 0.999677, 8.68136, 16, -14.4472 )

[node name="Zinne38" parent="Zinnen/Turm5" index="17" instance=ExtResource( 3 )]
transform = Transform( 0.999677, 0, -0.0254278, 0, 1, 0, 0.0254278, 0, 0.999677, 10.181, 16, -14.409 )

[node name="Turm4" type="Spatial" parent="Zinnen" index="3"]
editor/display_folded = true

[node name="Zinne35" parent="Zinnen/Turm4" index="0" instance=ExtResource( 3 )]
transform = Transform( 1, 0, 0.000372766, 0, 1, 0, -0.000372766, 0, 1, -10.2257, 16, -14.5422 )

[node name="Zinne39" parent="Zinnen/Turm4" index="1" instance=ExtResource( 3 )]
transform = Transform( 0.000509814, 0, -1, 0, 1, 0, 1, 0, 0.000509814, -11.5156, 16, -20.7653 )

[node name="Zinne44" parent="Zinnen/Turm4" index="2" instance=ExtResource( 3 )]
transform = Transform( -0.999999, 0, 0.000951441, 0, 1, 0, -0.000951441, 0, -0.999999, -10.9077, 16, -21.5826 )

[node name="Zinne45" parent="Zinnen/Turm4" index="3" instance=ExtResource( 3 )]
transform = Transform( -0.999999, 0, 0.000951441, 0, 1, 0, -0.000951441, 0, -0.999999, -9.40771, 16, -21.5812 )

[node name="Zinne46" parent="Zinnen/Turm4" index="4" instance=ExtResource( 3 )]
transform = Transform( -0.999999, 0, 0.000951441, 0, 1, 0, -0.000951441, 0, -0.999999, -7.90771, 16, -21.5797 )

[node name="Zinne47" parent="Zinnen/Turm4" index="5" instance=ExtResource( 3 )]
transform = Transform( -0.999999, 0, 0.000951441, 0, 1, 0, -0.000951441, 0, -0.999999, -6.40771, 16, -21.5783 )

[node name="Zinne48" parent="Zinnen/Turm4" index="6" instance=ExtResource( 3 )]
transform = Transform( -0.999999, 0, 0.000951441, 0, 1, 0, -0.000951441, 0, -0.999999, -4.90771, 16, -21.5769 )

[node name="Zinne49" parent="Zinnen/Turm4" index="7" instance=ExtResource( 3 )]
transform = Transform( -0.00102334, 0, 0.999999, 0, 1, 0, -0.999999, 0, -0.00102334, -4.28661, 16, -20.5369 )

[node name="Zinne50" parent="Zinnen/Turm4" index="8" instance=ExtResource( 3 )]
transform = Transform( -0.00102334, 0, 0.999999, 0, 1, 0, -0.999999, 0, -0.00102334, -4.28508, 16, -19.0369 )

[node name="Zinne51" parent="Zinnen/Turm4" index="9" instance=ExtResource( 3 )]
transform = Transform( -0.00102334, 0, 0.999999, 0, 1, 0, -0.999999, 0, -0.00102334, -4.28354, 16, -17.5369 )

[node name="Zinne52" parent="Zinnen/Turm4" index="10" instance=ExtResource( 3 )]
transform = Transform( -0.00102334, 0, 0.999999, 0, 1, 0, -0.999999, 0, -0.00102334, -4.28201, 16, -16.0369 )

[node name="Zinne40" parent="Zinnen/Turm4" index="11" instance=ExtResource( 3 )]
transform = Transform( 0.000509814, 0, -1, 0, 1, 0, 1, 0, 0.000509814, -11.5148, 16, -19.2653 )

[node name="Zinne41" parent="Zinnen/Turm4" index="12" instance=ExtResource( 3 )]
transform = Transform( 0.000509814, 0, -1, 0, 1, 0, 1, 0, 0.000509814, -11.514, 16, -17.7653 )

[node name="Zinne42" parent="Zinnen/Turm4" index="13" instance=ExtResource( 3 )]
transform = Transform( 0.000509814, 0, -1, 0, 1, 0, 1, 0, 0.000509814, -11.5133, 16, -16.2653 )

[node name="Zinne43" parent="Zinnen/Turm4" index="14" instance=ExtResource( 3 )]
transform = Transform( 0.000509814, 0, -1, 0, 1, 0, 1, 0, 0.000509814, -11.5125, 16, -14.7653 )

[node name="Zinne36" parent="Zinnen/Turm4" index="15" instance=ExtResource( 3 )]
transform = Transform( 1, 0, 0.000372766, 0, 1, 0, -0.000372766, 0, 1, -8.72575, 16, -14.5427 )

[node name="Zinne37" parent="Zinnen/Turm4" index="16" instance=ExtResource( 3 )]
transform = Transform( 1, 0, 0.000372766, 0, 1, 0, -0.000372766, 0, 1, -7.22575, 16, -14.5433 )

[node name="Zinne38" parent="Zinnen/Turm4" index="17" instance=ExtResource( 3 )]
transform = Transform( 1, 0, 0.000372766, 0, 1, 0, -0.000372766, 0, 1, -5.72575, 16, -14.5438 )

[node name="Turm3" type="Spatial" parent="Zinnen" index="4"]
editor/display_folded = true

[node name="Zinne68" parent="Zinnen/Turm3" index="0" instance=ExtResource( 3 )]
transform = Transform( 0.71458, 0, 0.699553, 0, 1, 0, -0.699553, 0, 0.71458, -23.9537, 16, -5.62582 )

[node name="Zinne61" parent="Zinnen/Turm3" index="1" instance=ExtResource( 3 )]
transform = Transform( 0.724678, 0, -0.689088, 0, 1, 0, 0.689088, 0, 0.724678, -29.2332, 16, -9.07974 )

[node name="Zinne64" parent="Zinnen/Turm3" index="2" instance=ExtResource( 3 )]
transform = Transform( -0.669842, 0, -0.742504, 0, 1, 0, 0.742504, 0, -0.669842, -29.4972, 16, -10.1544 )

[node name="Zinne58" parent="Zinnen/Turm3" index="3" instance=ExtResource( 3 )]
transform = Transform( -0.669842, 0, -0.742504, 0, 1, 0, 0.742504, 0, -0.669842, -28.4924, 16, -11.2682 )

[node name="Zinne57" parent="Zinnen/Turm3" index="4" instance=ExtResource( 3 )]
transform = Transform( -0.669842, 0, -0.742504, 0, 1, 0, 0.742504, 0, -0.669842, -27.4877, 16, -12.3819 )

[node name="Zinne65" parent="Zinnen/Turm3" index="5" instance=ExtResource( 3 )]
transform = Transform( -0.669842, 0, -0.742504, 0, 1, 0, 0.742504, 0, -0.669842, -26.4829, 16, -13.4957 )

[node name="Zinne54" parent="Zinnen/Turm3" index="6" instance=ExtResource( 3 )]
transform = Transform( -0.669842, 0, -0.742504, 0, 1, 0, 0.742504, 0, -0.669842, -25.4781, 16, -14.6095 )

[node name="Zinne66" parent="Zinnen/Turm3" index="7" instance=ExtResource( 3 )]
transform = Transform( -0.747675, 0, 0.664065, 0, 1, 0, -0.664065, 0, -0.747675, -24.5584, 16, -14.5529 )

[node name="Zinne67" parent="Zinnen/Turm3" index="8" instance=ExtResource( 3 )]
transform = Transform( -0.747675, 0, 0.664065, 0, 1, 0, -0.664065, 0, -0.747675, -23.4369, 16, -13.5568 )

[node name="Zinne55" parent="Zinnen/Turm3" index="9" instance=ExtResource( 3 )]
transform = Transform( -0.747675, 0, 0.664065, 0, 1, 0, -0.664065, 0, -0.747675, -22.3154, 16, -12.5607 )

[node name="Zinne53" parent="Zinnen/Turm3" index="10" instance=ExtResource( 3 )]
transform = Transform( -0.747675, 0, 0.664065, 0, 1, 0, -0.664065, 0, -0.747675, -21.1938, 16, -11.5646 )

[node name="Zinne71" parent="Zinnen/Turm3" index="11" instance=ExtResource( 3 )]
transform = Transform( -0.747675, 0, 0.664065, 0, 1, 0, -0.664065, 0, -0.747675, -20.0723, 16, -10.5685 )

[node name="Zinne62" parent="Zinnen/Turm3" index="12" instance=ExtResource( 3 )]
transform = Transform( 0.724678, 0, -0.689088, 0, 1, 0, 0.689088, 0, 0.724678, -28.1462, 16, -8.04611 )

[node name="Zinne63" parent="Zinnen/Turm3" index="13" instance=ExtResource( 3 )]
transform = Transform( 0.724678, 0, -0.689088, 0, 1, 0, 0.689088, 0, 0.724678, -26.5931, 16, -6.61023 )

[node name="Zinne69" parent="Zinnen/Turm3" index="14" instance=ExtResource( 3 )]
transform = Transform( 0.724678, 0, -0.689088, 0, 1, 0, 0.689088, 0, 0.724678, -25.506, 16, -5.57659 )

[node name="Zinne59" parent="Zinnen/Turm3" index="15" instance=ExtResource( 3 )]
transform = Transform( 0.71458, 0, 0.699553, 0, 1, 0, -0.699553, 0, 0.71458, -22.8818, 16, -6.67515 )

[node name="Zinne56" parent="Zinnen/Turm3" index="16" instance=ExtResource( 3 )]
transform = Transform( 0.656135, 0, 0.754643, 0, 1, 0, -0.754643, 0, 0.656135, -21.2576, 16, -8.13812 )

[node name="Zinne60" parent="Zinnen/Turm3" index="17" instance=ExtResource( 3 )]
transform = Transform( 0.656135, 0, 0.754643, 0, 1, 0, -0.754643, 0, 0.656135, -20.2734, 16, -9.27008 )

[node name="Turm2" type="Spatial" parent="Zinnen" index="5"]
editor/display_folded = true

[node name="Zinne70" parent="Zinnen/Turm2" index="0" instance=ExtResource( 3 )]
transform = Transform( 0.663069, 0, 0.748558, 0, 1, 0, -0.748558, 0, 0.663069, -20.1426, 16, 4.71551 )

[node name="Zinne71" parent="Zinnen/Turm2" index="1" instance=ExtResource( 3 )]
transform = Transform( 0.663069, 0, 0.748558, 0, 1, 0, -0.748558, 0, 0.663069, -21.1372, 16, 5.83834 )

[node name="Zinne72" parent="Zinnen/Turm2" index="2" instance=ExtResource( 3 )]
transform = Transform( 0.663069, 0, 0.748558, 0, 1, 0, -0.748558, 0, 0.663069, -22.1318, 16, 6.96118 )

[node name="Zinne73" parent="Zinnen/Turm2" index="3" instance=ExtResource( 3 )]
transform = Transform( 0.663069, 0, 0.748558, 0, 1, 0, -0.748558, 0, 0.663069, -23.1264, 16, 8.08402 )

[node name="Zinne74" parent="Zinnen/Turm2" index="4" instance=ExtResource( 3 )]
transform = Transform( 0.748935, 0, -0.662644, 0, 1, 0, 0.662644, 0, 0.748935, -24.699, 16, 8.28534 )

[node name="Zinne75" parent="Zinnen/Turm2" index="5" instance=ExtResource( 3 )]
transform = Transform( 0.748935, 0, -0.662644, 0, 1, 0, 0.662644, 0, 0.748935, -25.8224, 16, 7.29138 )

[node name="Zinne76" parent="Zinnen/Turm2" index="6" instance=ExtResource( 3 )]
transform = Transform( 0.748935, 0, -0.662644, 0, 1, 0, 0.662644, 0, 0.748935, -27.3203, 16, 5.96609 )

[node name="Zinne77" parent="Zinnen/Turm2" index="7" instance=ExtResource( 3 )]
transform = Transform( 0.748935, 0, -0.662644, 0, 1, 0, 0.662644, 0, 0.748935, -28.4437, 16, 4.97212 )

[node name="Zinne78" parent="Zinnen/Turm2" index="8" instance=ExtResource( 3 )]
transform = Transform( -0.661304, 0, -0.750117, 0, 1, 0, 0.750117, 0, -0.661304, -28.4425, 16, 3.5863 )

[node name="Zinne79" parent="Zinnen/Turm2" index="9" instance=ExtResource( 3 )]
transform = Transform( -0.661304, 0, -0.750117, 0, 1, 0, 0.750117, 0, -0.661304, -27.4506, 16, 2.46113 )

[node name="Zinne80" parent="Zinnen/Turm2" index="10" instance=ExtResource( 3 )]
transform = Transform( -0.661304, 0, -0.750117, 0, 1, 0, 0.750117, 0, -0.661304, -26.4586, 16, 1.33595 )

[node name="Zinne81" parent="Zinnen/Turm2" index="11" instance=ExtResource( 3 )]
transform = Transform( -0.661304, 0, -0.750117, 0, 1, 0, 0.750117, 0, -0.661304, -25.4666, 16, 0.210776 )

[node name="Zinne82" parent="Zinnen/Turm2" index="12" instance=ExtResource( 3 )]
transform = Transform( -0.769562, 0, 0.638572, 0, 1, 0, -0.638572, 0, -0.769562, -23.9044, 16, 0.0920738 )

[node name="Zinne83" parent="Zinnen/Turm2" index="13" instance=ExtResource( 3 )]
transform = Transform( -0.769562, 0, 0.638572, 0, 1, 0, -0.638572, 0, -0.769562, -22.7501, 16, 1.04993 )

[node name="Zinne84" parent="Zinnen/Turm2" index="14" instance=ExtResource( 3 )]
transform = Transform( -0.769562, 0, 0.638572, 0, 1, 0, -0.638572, 0, -0.769562, -21.2494, 16, 2.29515 )

[node name="Zinne85" parent="Zinnen/Turm2" index="15" instance=ExtResource( 3 )]
transform = Transform( -0.769562, 0, 0.638572, 0, 1, 0, -0.638572, 0, -0.769562, -20.0951, 16, 3.25301 )

[node name="Turm6" type="Spatial" parent="Zinnen" index="6"]

[node name="Zinne53" parent="Zinnen/Turm6" index="0" instance=ExtResource( 3 )]
transform = Transform( -0.740282, 0, -0.672295, 0, 1, 0, 0.672295, 0, -0.740282, 20.1238, 16, -10.3818 )

[node name="Zinne54" parent="Zinnen/Turm6" index="1" instance=ExtResource( 3 )]
transform = Transform( -0.740282, 0, -0.672295, 0, 1, 0, 0.672295, 0, -0.740282, 21.2342, 16, -11.3902 )

[node name="Zinne55" parent="Zinnen/Turm6" index="2" instance=ExtResource( 3 )]
transform = Transform( -0.740282, 0, -0.672295, 0, 1, 0, 0.672295, 0, -0.740282, 22.3447, 16, -12.3987 )

[node name="Zinne56" parent="Zinnen/Turm6" index="3" instance=ExtResource( 3 )]
transform = Transform( -0.740282, 0, -0.672295, 0, 1, 0, 0.672295, 0, -0.740282, 23.4551, 16, -13.4071 )

[node name="Zinne57" parent="Zinnen/Turm6" index="4" instance=ExtResource( 3 )]
transform = Transform( -0.740282, 0, -0.672295, 0, 1, 0, 0.672295, 0, -0.740282, 24.5655, 16, -14.4155 )

[node name="Zinne58" parent="Zinnen/Turm6" index="5" instance=ExtResource( 3 )]
transform = Transform( -0.672082, 0, 0.740476, 0, 1, 0, -0.740476, 0, -0.672082, 25.8099, 16, -14.0823 )

[node name="Zinne59" parent="Zinnen/Turm6" index="6" instance=ExtResource( 3 )]
transform = Transform( -0.672082, 0, 0.740476, 0, 1, 0, -0.740476, 0, -0.672082, 26.818, 16, -12.9716 )

[node name="Zinne60" parent="Zinnen/Turm6" index="7" instance=ExtResource( 3 )]
transform = Transform( -0.672082, 0, 0.740476, 0, 1, 0, -0.740476, 0, -0.672082, 28.263, 16, -11.3796 )

[node name="Zinne61" parent="Zinnen/Turm6" index="8" instance=ExtResource( 3 )]
transform = Transform( -0.672082, 0, 0.740476, 0, 1, 0, -0.740476, 0, -0.672082, 29.2711, 16, -10.2689 )

[node name="Zinne62" parent="Zinnen/Turm6" index="9" instance=ExtResource( 3 )]
transform = Transform( 0.740041, 0, 0.67256, 0, 1, 0, -0.67256, 0, 0.740041, 29.1894, 16, -8.7324 )

[node name="Zinne63" parent="Zinnen/Turm6" index="10" instance=ExtResource( 3 )]
transform = Transform( 0.740041, 0, 0.67256, 0, 1, 0, -0.67256, 0, 0.740041, 28.0794, 16, -7.72356 )

[node name="Zinne64" parent="Zinnen/Turm6" index="11" instance=ExtResource( 3 )]
transform = Transform( 0.740041, 0, 0.67256, 0, 1, 0, -0.67256, 0, 0.740041, 26.5993, 16, -6.37844 )

[node name="Zinne65" parent="Zinnen/Turm6" index="12" instance=ExtResource( 3 )]
transform = Transform( 0.740041, 0, 0.67256, 0, 1, 0, -0.67256, 0, 0.740041, 25.4892, 16, -5.3696 )

[node name="Zinne66" parent="Zinnen/Turm6" index="13" instance=ExtResource( 3 )]
transform = Transform( 0.73269, 0, -0.680561, 0, 1, 0, 0.680561, 0, 0.73269, 23.8778, 16, -5.33327 )

[node name="Zinne67" parent="Zinnen/Turm6" index="14" instance=ExtResource( 3 )]
transform = Transform( 0.73269, 0, -0.680561, 0, 1, 0, 0.680561, 0, 0.73269, 22.7788, 16, -6.35411 )

[node name="Zinne68" parent="Zinnen/Turm6" index="15" instance=ExtResource( 3 )]
transform = Transform( 0.67517, 0, -0.737661, 0, 1, 0, 0.737661, 0, 0.67517, 20.2847, 16, -9.06662 )

[node name="Zinne69" parent="Zinnen/Turm6" index="16" instance=ExtResource( 3 )]
transform = Transform( 0.67517, 0, -0.737661, 0, 1, 0, 0.737661, 0, 0.67517, 21.2975, 16, -7.96012 )

[node name="Turm7" type="Spatial" parent="Zinnen" index="7"]

[node name="Zinne54" parent="Zinnen/Turm7" index="0" instance=ExtResource( 3 )]
transform = Transform( -0.667339, 0, 0.744753, 0, 1, 0, -0.744753, 0, -0.667339, 25.0697, 16, 0.00863978 )

[node name="Zinne55" parent="Zinnen/Turm7" index="1" instance=ExtResource( 3 )]
transform = Transform( -0.667339, 0, 0.744753, 0, 1, 0, -0.744753, 0, -0.667339, 26.0707, 16, 1.12577 )

[node name="Zinne56" parent="Zinnen/Turm7" index="2" instance=ExtResource( 3 )]
transform = Transform( -0.667339, 0, 0.744753, 0, 1, 0, -0.744753, 0, -0.667339, 27.4388, 16, 2.65251 )

[node name="Zinne57" parent="Zinnen/Turm7" index="3" instance=ExtResource( 3 )]
transform = Transform( -0.667339, 0, 0.744753, 0, 1, 0, -0.744753, 0, -0.667339, 28.4398, 16, 3.76964 )

[node name="Zinne58" parent="Zinnen/Turm7" index="4" instance=ExtResource( 3 )]
transform = Transform( 0.746351, 0, 0.665552, 0, 1, 0, -0.665552, 0, 0.746351, 28.3663, 16, 5.195 )

[node name="Zinne59" parent="Zinnen/Turm7" index="5" instance=ExtResource( 3 )]
transform = Transform( 0.746351, 0, 0.665552, 0, 1, 0, -0.665552, 0, 0.746351, 27.2468, 16, 6.19333 )

[node name="Zinne60" parent="Zinnen/Turm7" index="6" instance=ExtResource( 3 )]
transform = Transform( 0.746351, 0, 0.665552, 0, 1, 0, -0.665552, 0, 0.746351, 25.7914, 16, 7.49116 )

[node name="Zinne61" parent="Zinnen/Turm7" index="7" instance=ExtResource( 3 )]
transform = Transform( 0.746351, 0, 0.665552, 0, 1, 0, -0.665552, 0, 0.746351, 24.6719, 16, 8.48949 )

[node name="Zinne62" parent="Zinnen/Turm7" index="8" instance=ExtResource( 3 )]
transform = Transform( 0.636552, 0, -0.771233, 0, 1, 0, 0.771233, 0, 0.636552, 23.4508, 16, 8.48902 )

[node name="Zinne63" parent="Zinnen/Turm7" index="9" instance=ExtResource( 3 )]
transform = Transform( 0.636552, 0, -0.771233, 0, 1, 0, 0.771233, 0, 0.636552, 22.496, 16, 7.33217 )

[node name="Zinne64" parent="Zinnen/Turm7" index="10" instance=ExtResource( 3 )]
transform = Transform( 0.636552, 0, -0.771233, 0, 1, 0, 0.771233, 0, 0.636552, 21.5411, 16, 6.17532 )

[node name="Zinne65" parent="Zinnen/Turm7" index="11" instance=ExtResource( 3 )]
transform = Transform( 0.636552, 0, -0.771233, 0, 1, 0, 0.771233, 0, 0.636552, 20.5863, 16, 5.01847 )

[node name="Zinne66" parent="Zinnen/Turm7" index="12" instance=ExtResource( 3 )]
transform = Transform( 0.636552, 0, -0.771233, 0, 1, 0, 0.771233, 0, 0.636552, 19.6315, 16, 3.86162 )

[node name="Zinne67" parent="Zinnen/Turm7" index="13" instance=ExtResource( 3 )]
transform = Transform( -0.790723, 0, -0.612173, 0, 1, 0, 0.612173, 0, -0.790723, 19.9355, 16, 2.62252 )

[node name="Zinne68" parent="Zinnen/Turm7" index="14" instance=ExtResource( 3 )]
transform = Transform( -0.790723, 0, -0.612173, 0, 1, 0, 0.612173, 0, -0.790723, 21.1216, 16, 1.70426 )

[node name="Zinne69" parent="Zinnen/Turm7" index="15" instance=ExtResource( 3 )]
transform = Transform( -0.790723, 0, -0.612173, 0, 1, 0, 0.612173, 0, -0.790723, 22.3077, 16, 0.785996 )

[node name="Zinne70" parent="Zinnen/Turm7" index="16" instance=ExtResource( 3 )]
transform = Transform( -0.790723, 0, -0.612173, 0, 1, 0, 0.612173, 0, -0.790723, 23.4938, 16, -0.132264 )
