[gd_scene load_steps=6 format=2]

[ext_resource path="res://Burg/Keller/K07/K07.gd" type="Script" id=1]
[ext_resource path="res://asset/burg/Kellermauer.tscn" type="PackedScene" id=2]
[ext_resource path="res://Burg/Keller/Keller.png" type="Texture" id=3]
[ext_resource path="res://preflab/vitrine_01/Vitrine.tscn" type="PackedScene" id=4]
[ext_resource path="res://preflab/vitrine_02/Vitrine.tscn" type="PackedScene" id=5]

[node name="K07" type="Spatial"]
script = ExtResource( 1 )

[node name="Mauern" parent="." instance=ExtResource( 2 )]

[node name="Karte" type="Sprite3D" parent="."]
transform = Transform( 3.83477, 0, 0, 0, -1.67623e-007, 3.83477, 0, -3.83477, -1.67623e-007, 0, 4.01, 0 )
modulate = Color( 1, 1, 1, 0.113725 )
texture = ExtResource( 3 )
__meta__ = {
"_edit_lock_": true
}

[node name="Vitrine" parent="." instance=ExtResource( 4 )]
transform = Transform( -0.679367, 0, 0.733799, 0, 1, 0, -0.733799, 0, -0.679367, 16.2242, 0.255122, 14.3316 )
Szene_1 = "res://Burg/Keller/K07/S04/Szene.tscn"
Szene_2 = "res://Burg/Keller/K07/S05/Szene.tscn"
Szene_3 = "res://Burg/Keller/K07/S06/Szene.tscn"
Bild = "res://Burg/Keller/K07/vitrine2.png"
Skalierungsfaktor = 0.333

[node name="Vitrine4" parent="." instance=ExtResource( 4 )]
transform = Transform( -0.679367, 0, 0.733799, 0, 1, 0, -0.733799, 0, -0.679367, 19.6004, 0.255122, 11.2945 )
Szene_1 = "res://Burg/Keller/K07/S10/Szene.tscn"
Szene_2 = "res://Burg/Keller/K07/S11/Szene.tscn"
Szene_3 = "res://Burg/Keller/K07/S12/Szene.tscn"
Bild = "res://Burg/Keller/K07/vitrine4.png"
Skalierungsfaktor = 0.25

[node name="Vitrine2" parent="." instance=ExtResource( 5 )]
transform = Transform( -0.973552, 0, 0.228464, 0, 1, 0, -0.228464, 0, -0.973552, 12.8655, 1.43765, 16.2376 )
Szene_1 = "res://Burg/Keller/K07/S01/Szene.tscn"
Szene_2 = "res://Burg/Keller/K07/S02/Szene.tscn"
Szene_3 = "res://Burg/Keller/K07/S03/Szene.tscn"
Bild = "res://Burg/Keller/K07/vitrine1.png"
Skalierungsfaktor = 0.5

[node name="Vitrine3" parent="." instance=ExtResource( 5 )]
transform = Transform( -0.712533, 0, -0.701638, 0, 1, 0, 0.701638, 0, -0.712533, 17.7746, 1.43765, 12.349 )
Szene_1 = "res://Burg/Keller/K07/S07/Szene.tscn"
Szene_2 = "res://Burg/Keller/K07/S08/Szene.tscn"
Szene_3 = "res://Burg/Keller/K07/S09/Szene.tscn"
Bild = "res://Burg/Keller/K07/vitrine3.png"
Skalierungsfaktor = 0.25
