[gd_scene load_steps=19 format=2]

[ext_resource path="res://asset/burg/erdgeschoss/Hof/Boden_Hof.scn" type="PackedScene" id=1]
[ext_resource path="res://Burg/Erdgeschoss/Hof/Brunnen/Brunnen.scn" type="PackedScene" id=2]
[ext_resource path="res://Burg/Erdgeschoss/Hof/Marktstand.obj" type="ArrayMesh" id=3]
[ext_resource path="res://mat/colors_rough.material" type="Material" id=4]
[ext_resource path="res://Burg/Erdgeschoss/Hof/Adventskranz.obj" type="ArrayMesh" id=5]
[ext_resource path="res://mat/organic.material" type="Material" id=6]
[ext_resource path="res://mat/colors_smooth.material" type="Material" id=7]
[ext_resource path="res://Burg/Erdgeschoss/Hof/Kerzen.obj" type="ArrayMesh" id=8]
[ext_resource path="res://Burg/Erdgeschoss/Hof/Becher.obj" type="ArrayMesh" id=9]
[ext_resource path="res://mat/glass_75_smooth.material" type="Material" id=10]
[ext_resource path="res://Burg/Erdgeschoss/Hof/Fass2_LowPoly.obj" type="ArrayMesh" id=11]
[ext_resource path="res://Burg/Erdgeschoss/snowman.obj" type="ArrayMesh" id=12]
[ext_resource path="res://mat/colors_rough_50.material" type="Material" id=13]

[sub_resource type="CylinderShape" id=1]
radius = 1.57478
height = 2.70264

[sub_resource type="BoxShape" id=2]
extents = Vector3( 0.397083, 0.980299, 1 )

[sub_resource type="BoxShape" id=3]
extents = Vector3( 0.0319211, 1, 1 )

[sub_resource type="CylinderShape" id=4]
radius = 0.284268
height = 0.82215

[sub_resource type="CylinderShape" id=5]
radius = 0.564808
height = 2.31054

[node name="Boden_Hof" instance=ExtResource( 1 )]
transform = Transform( 1, 0, 0, 0, 1, 0, 0, 0, 1, 0.0192852, 4.25, 0 )

[node name="Brunnen" parent="." index="1" instance=ExtResource( 2 )]
transform = Transform( -0.721195, 0, -0.692733, 0, 1, 0, 0.692733, 0, -0.721195, -7.43832, 0.249232, 5.19066 )

[node name="StaticBody" type="StaticBody" parent="Brunnen" index="0"]

[node name="CollisionShape" type="CollisionShape" parent="Brunnen/StaticBody" index="0"]
transform = Transform( 1, 0, 2.98023e-08, 0, 1, 0, -2.98023e-08, 0, 1, 0, 1.35778, 0 )
shape = SubResource( 1 )

[node name="MarktstandAdventskranz" type="MeshInstance" parent="." index="2"]
transform = Transform( 0.928562, 0, 0.371177, 0, 1, 0, -0.371177, 0, 0.928562, 8.36742, 0.253497, 7.78348 )
mesh = ExtResource( 3 )
material/0 = ExtResource( 4 )

[node name="StaticBody2" type="StaticBody" parent="MarktstandAdventskranz" index="0"]
transform = Transform( 0.961291, 0, 0.275534, 0, 1, 0, -0.275534, 0, 0.961291, -0.68517, -0.219388, -3.11504 )

[node name="Stand" type="CollisionShape" parent="MarktstandAdventskranz/StaticBody2" index="0"]
transform = Transform( 0.959067, 0, -0.283179, 0, 1, 0, 0.283179, 0, 0.959067, -0.466262, 1.00083, 3.13596 )
shape = SubResource( 2 )

[node name="Rückwand" type="CollisionShape" parent="MarktstandAdventskranz/StaticBody2" index="1"]
transform = Transform( 0.962757, 0, -0.270369, 0, 1, 0, 0.270369, 0, 0.962757, 0.889517, 1.21487, 3.50833 )
shape = SubResource( 3 )

[node name="Adventskranz" type="MeshInstance" parent="MarktstandAdventskranz" index="1"]
transform = Transform( 1, 0, 0, 0, 1, 0, 0, 0, 1, 0.0374956, -0.0273924, 0.142151 )
mesh = ExtResource( 5 )
material/0 = ExtResource( 6 )
material/1 = ExtResource( 7 )

[node name="Adventskranz2" type="MeshInstance" parent="MarktstandAdventskranz" index="2"]
transform = Transform( 0.999959, -0.0090411, 0, 0.0090411, 0.999959, 0, 0, -9.31323e-10, 1, -0.00644588, -0.00941181, 1.0595 )
mesh = ExtResource( 5 )
material/0 = ExtResource( 6 )
material/1 = ExtResource( 7 )

[node name="OmniLight" type="OmniLight" parent="MarktstandAdventskranz" index="3"]
transform = Transform( 1, 0, 0, 0, 1, 0, 0, 0, 1, 0, 1.7168, 0 )

[node name="MarktstandKerzen" type="MeshInstance" parent="." index="3"]
transform = Transform( -0.94936, 2.50468e-09, 0.314189, -2.50668e-08, 1, -8.37145e-08, -0.314189, -8.7351e-08, -0.94936, -9.13245, 0.253497, 7.86457 )
mesh = ExtResource( 3 )
material/0 = ExtResource( 4 )

[node name="StaticBody2" type="StaticBody" parent="MarktstandKerzen" index="0"]
transform = Transform( 0.961291, 0, 0.275534, 0, 1, 0, -0.275534, 0, 0.961291, -0.68517, -0.219388, -3.11504 )

[node name="Stand" type="CollisionShape" parent="MarktstandKerzen/StaticBody2" index="0"]
transform = Transform( 0.959067, 0, -0.283179, 0, 1, 0, 0.283179, 0, 0.959067, -0.466262, 1.00083, 3.13596 )
shape = SubResource( 2 )

[node name="Rückwand" type="CollisionShape" parent="MarktstandKerzen/StaticBody2" index="1"]
transform = Transform( 0.962757, 0, -0.270369, 0, 1, 0, 0.270369, 0, 0.962757, 0.889517, 1.21487, 3.50833 )
shape = SubResource( 3 )

[node name="OmniLight" type="OmniLight" parent="MarktstandKerzen" index="1"]
transform = Transform( 1, -8.88178e-15, -1.19209e-07, 8.88178e-15, 1, -1.42109e-14, 8.9407e-08, 7.10543e-15, 1, -0.620535, 1.7168, 0.246652 )

[node name="Kerzen" type="MeshInstance" parent="MarktstandKerzen" index="2"]
transform = Transform( -0.983779, -2.50669e-08, 0.179391, -3.96779e-08, 1, -7.78598e-08, -0.179391, -8.37146e-08, -0.983779, -0.1921, -2.38419e-06, 0.0778847 )
mesh = ExtResource( 8 )
material/0 = ExtResource( 7 )
material/1 = ExtResource( 7 )
material/2 = ExtResource( 7 )
material/3 = ExtResource( 7 )
material/4 = ExtResource( 7 )
material/5 = ExtResource( 7 )
material/6 = ExtResource( 7 )
material/7 = ExtResource( 7 )

[node name="MarktstandGluewein" type="MeshInstance" parent="." index="4"]
transform = Transform( 0.790347, 0, 0.61266, 0, 1, 0, -0.61266, 0, 0.790347, 6.51883, 0.230904, 5.16773 )
mesh = ExtResource( 3 )
material/0 = ExtResource( 4 )

[node name="StaticBody" type="StaticBody" parent="MarktstandGluewein" index="0"]
transform = Transform( 1, 0, 0, 0, 1, 0, 0, 0, 1, 0, -0.196795, 0 )

[node name="Stand" type="CollisionShape" parent="MarktstandGluewein/StaticBody" index="0"]
transform = Transform( 1, 0, 0, 0, 1, 0, 0, 0, 1, -0.00251436, 1.00083, -9.53674e-07 )
shape = SubResource( 2 )

[node name="Rückwand" type="CollisionShape" parent="MarktstandGluewein/StaticBody" index="1"]
transform = Transform( 1, 0, 0, 0, 1, 0, 0, 0, 1, -0.595952, 1.21487, 0 )
shape = SubResource( 3 )

[node name="Becher" type="MeshInstance" parent="MarktstandGluewein" index="1"]
transform = Transform( 0.835309, 0, 0.549781, 0, 1, 0, -0.549781, 0, 0.835309, 0.198507, 0.845487, -0.246943 )
mesh = ExtResource( 9 )
material/0 = ExtResource( 10 )

[node name="Becher4" type="MeshInstance" parent="MarktstandGluewein" index="2"]
transform = Transform( 0.835309, 0, 0.549781, 0, 1, 0, -0.549781, 0, 0.835309, -0.0262952, 0.844233, -0.279379 )
mesh = ExtResource( 9 )
material/0 = ExtResource( 10 )

[node name="Becher3" type="MeshInstance" parent="MarktstandGluewein" index="3"]
transform = Transform( 0.835309, 0, 0.549781, 0, 1, 0, -0.549781, 0, 0.835309, 0.135721, 0.848903, -0.386012 )
mesh = ExtResource( 9 )
material/0 = ExtResource( 10 )

[node name="Becher2" type="MeshInstance" parent="MarktstandGluewein" index="4"]
transform = Transform( 0.827319, 0, -0.561732, 0, 1, 0, 0.561732, 0, 0.827319, -0.29578, 0.848558, 0.712285 )
mesh = ExtResource( 9 )
material/0 = ExtResource( 10 )

[node name="Fass2_LowPoly" type="MeshInstance" parent="MarktstandGluewein" index="5"]
transform = Transform( 0.961291, 0, -0.275534, 0, 1, 0, 0.275534, 0, 0.961291, -0.130373, 0.792902, -0.709682 )
mesh = ExtResource( 11 )
material/0 = ExtResource( 4 )

[node name="Fass2_LowPoly" type="MeshInstance" parent="." index="5"]
transform = Transform( 1, 0, 0, 0, 1, 0, 0, 0, 1, 7.21195, 0.250612, 6.37829 )
mesh = ExtResource( 11 )
material/0 = ExtResource( 4 )

[node name="StaticBody" type="StaticBody" parent="Fass2_LowPoly" index="0"]

[node name="CollisionShape" type="CollisionShape" parent="Fass2_LowPoly/StaticBody" index="0"]
transform = Transform( 1, 0, 0, 0, 1, 0, 0, 0, 1, -0.00401688, 0.398724, 0.0040164 )
shape = SubResource( 4 )

[node name="snowman" type="MeshInstance" parent="." index="6"]
transform = Transform( 0.57455, 0, 0.81847, 0, 1, 0, -0.81847, 0, 0.57455, -5.86891, 0.429881, 2.65276 )
mesh = ExtResource( 12 )
material/0 = ExtResource( 13 )

[node name="StaticBody" type="StaticBody" parent="snowman" index="0"]

[node name="CollisionShape" type="CollisionShape" parent="snowman/StaticBody" index="0"]
transform = Transform( 1, 0, 0, 0, 1, 0, 0, 0, 1, -1.40941, 0.945485, 1.68548 )
shape = SubResource( 5 )
