[gd_scene load_steps=12 format=2]

[ext_resource path="res://asset/burg/erdgeschoss/Hof/Boden_Hof.scn" type="PackedScene" id=1]
[ext_resource path="res://Burg/Erdgeschoss/Hof/Brunnen/Brunnen.scn" type="PackedScene" id=2]
[ext_resource path="res://Burg/Erdgeschoss/Hof/Marktstand.obj" type="ArrayMesh" id=3]
[ext_resource path="res://mat/colors_rough.material" type="Material" id=4]
[ext_resource path="res://Burg/Erdgeschoss/Hof/Becher.obj" type="ArrayMesh" id=5]
[ext_resource path="res://mat/glass_75_smooth.material" type="Material" id=6]
[ext_resource path="res://Burg/Erdgeschoss/Hof/Fass2_LowPoly.obj" type="ArrayMesh" id=7]

[sub_resource type="CylinderShape" id=1]
radius = 1.57478
height = 2.70264

[sub_resource type="BoxShape" id=2]
extents = Vector3( 0.397083, 0.980299, 1 )

[sub_resource type="BoxShape" id=3]
extents = Vector3( 0.0319211, 1, 1 )

[sub_resource type="CylinderShape" id=4]
radius = 0.284268
height = 0.82215

[node name="Boden_Hof" instance=ExtResource( 1 )]
transform = Transform( 1, 0, 0, 0, 1, 0, 0, 0, 1, 0.0192852, 4.25, 0 )

[node name="Brunnen" parent="." index="0" instance=ExtResource( 2 )]
transform = Transform( -0.721195, 0, -0.692733, 0, 1, 0, 0.692733, 0, -0.721195, -7.43832, 0.249232, 5.19066 )

[node name="StaticBody" type="StaticBody" parent="Brunnen" index="0"]

[node name="CollisionShape" type="CollisionShape" parent="Brunnen/StaticBody" index="0"]
transform = Transform( 1, 0, 2.98023e-008, 0, 1, 0, -2.98023e-008, 0, 1, 0, 1.35778, 0 )
shape = SubResource( 1 )

[node name="Marktstand" type="MeshInstance" parent="." index="2"]
transform = Transform( 0.790347, 0, 0.61266, 0, 1, 0, -0.61266, 0, 0.790347, 6.51883, 0.230904, 5.16773 )
mesh = ExtResource( 3 )
material/0 = ExtResource( 4 )

[node name="StaticBody" type="StaticBody" parent="Marktstand" index="0"]
transform = Transform( 1, 0, 0, 0, 1, 0, 0, 0, 1, 0, -0.196795, 0 )

[node name="Stand" type="CollisionShape" parent="Marktstand/StaticBody" index="0"]
transform = Transform( 1, 0, 0, 0, 1, 0, 0, 0, 1, -0.00251436, 1.00083, -9.53674e-007 )
shape = SubResource( 2 )

[node name="Rückwand" type="CollisionShape" parent="Marktstand/StaticBody" index="1"]
transform = Transform( 1, 0, 0, 0, 1, 0, 0, 0, 1, -0.595952, 1.21487, 0 )
shape = SubResource( 3 )

[node name="Becher" type="MeshInstance" parent="Marktstand/StaticBody/Rückwand" index="0"]
transform = Transform( 0.835309, 0, 0.549781, 0, 1, 0, -0.549781, 0, 0.835309, 0.289991, -0.171877, -0.16249 )
mesh = ExtResource( 5 )
material/0 = ExtResource( 6 )

[node name="Becher2" type="MeshInstance" parent="Marktstand/StaticBody/Rückwand" index="1"]
transform = Transform( 0.827319, 0, -0.561732, 0, 1, 0, 0.561732, 0, 0.827319, 0.300172, -0.17299, 0.712285 )
mesh = ExtResource( 5 )
material/0 = ExtResource( 6 )

[node name="Fass2_LowPoly" type="MeshInstance" parent="." index="3"]
transform = Transform( 1, 0, 0, 0, 1, 0, 0, 0, 1, 7.21195, 0.250612, 6.37829 )
mesh = ExtResource( 7 )
material/0 = ExtResource( 4 )

[node name="StaticBody" type="StaticBody" parent="Fass2_LowPoly" index="0"]

[node name="CollisionShape" type="CollisionShape" parent="Fass2_LowPoly/StaticBody" index="0"]
transform = Transform( 1, 0, 0, 0, 1, 0, 0, 0, 1, -0.00401688, 0.398724, 0.0040164 )
shape = SubResource( 4 )
