[gd_scene load_steps=3 format=2]

[ext_resource path="res://asset/season/Bent/LautsprecherTeil.tres" type="ArrayMesh" id=1]
[ext_resource path="res://mat/colors_rough.material" type="Material" id=2]

[node name="Armature" type="Skeleton"]
bones/0/name = "Bone"
bones/0/parent = -1
bones/0/rest = Transform( 0.9974, 0.0720237, 0.00240878, -0.0691881, 0.96641, -0.247515, -0.0201548, 0.246705, 0.968881, -1.22271, 1.63443, 0.0372733 )
bones/0/enabled = true
bones/0/bound_children = [  ]
bones/1/name = "Bone.001"
bones/1/parent = 0
bones/1/rest = Transform( -0.800237, 0.587925, -0.118174, 0.112983, 0.341344, 0.933124, 0.588945, 0.733368, -0.339582, 1.19209e-007, 1.01558, 0 )
bones/1/enabled = true
bones/1/bound_children = [  ]
bones/2/name = "Bone.002"
bones/2/parent = 1
bones/2/rest = Transform( 0.393204, -0.868741, 0.301132, 0.911151, 0.412072, -0.000945508, -0.123267, 0.274749, 0.953582, 1.19209e-007, 1.64264, -4.76837e-007 )
bones/2/enabled = true
bones/2/bound_children = [  ]
bones/3/name = "Bone.003"
bones/3/parent = 2
bones/3/rest = Transform( 0.0862553, -0.967131, 0.239201, 0.94929, 0.152645, 0.274861, -0.302339, 0.203363, 0.931254, 2.38419e-007, 1.16648, 0 )
bones/3/enabled = true
bones/3/bound_children = [  ]
bones/4/name = "Bone.004"
bones/4/parent = 3
bones/4/rest = Transform( 0.877645, -0.47929, -0.00447607, 0.458668, 0.837099, 0.298142, -0.139149, -0.263716, 0.954511, 5.96046e-008, 1.66501, 0 )
bones/4/enabled = true
bones/4/bound_children = [  ]

[node name="Lautsprecherteil" type="MeshInstance" parent="."]
use_in_baked_light = true
mesh = ExtResource( 1 )
material/0 = ExtResource( 2 )
