[gd_scene load_steps=4 format=2]

[ext_resource path="res://asset/burg/Erdgeschoss.tscn" type="PackedScene" id=1]
[ext_resource path="res://asset/burg/Treppe1.tscn" type="PackedScene" id=2]
[ext_resource path="res://asset/burg/Treppe2.tscn" type="PackedScene" id=3]

[node name="Erdgeschoss" instance=ExtResource( 1 )]
editor/display_folded = true

[node name="Treppen" type="Spatial" parent="." index="1"]
editor/display_folded = true

[node name="Treppe1" parent="Treppen" index="0" instance=ExtResource( 2 )]
transform = Transform( 1, 0, 0, 0, 1, 0, 0, 0, 1, -4.5, 4.25, 18 )

[node name="Treppe3" parent="Treppen" index="1" instance=ExtResource( 2 )]
transform = Transform( 0.803907, 0, 0.594755, 0, 1, 0, -0.594755, 0, 0.803907, 10.835, 4.25, 15.5566 )

[node name="Treppe2" parent="Treppen" index="2" instance=ExtResource( 3 )]
transform = Transform( 0.999458, 0, -0.0329111, 0, 1, 0, 0.0329111, 0, 0.999458, -22, 4.25, 6 )

[node name="Treppe4" parent="Treppen" index="3" instance=ExtResource( 3 )]
transform = Transform( -0.0417973, 0, -0.999126, 0, 1, 0, 0.999126, 0, -0.0417973, -26.8362, 4.25, -7.80935 )

[node name="Treppe5" parent="Treppen" index="4" instance=ExtResource( 3 )]
transform = Transform( -0.76786, 0, -0.640618, 0, 1, 0, 0.640618, 0, -0.76786, -10.7405, 4.25, -18.047 )

[node name="Treppe6" parent="Treppen" index="5" instance=ExtResource( 3 )]
transform = Transform( -0.76786, 0, -0.640618, 0, 1, 0, 0.640618, 0, -0.76786, 5.08769, 4.25, -17.9583 )

[node name="Treppe7" parent="Treppen" index="6" instance=ExtResource( 3 )]
transform = Transform( -0.992375, 0, 0.123255, 0, 1, 0, -0.123255, 0, -0.992375, 22.8814, 4.25, -11.8694 )

[node name="Treppe8" parent="Treppen" index="7" instance=ExtResource( 3 )]
transform = Transform( 0.131536, 0, 0.968026, 0, 1, 0, -0.968151, 0, 0.171748, 26.2427, 4.25, 2.31582 )
