[gd_scene load_steps=4 format=2]

[ext_resource path="res://asset/burg/Stock.tscn" type="PackedScene" id=1]
[ext_resource path="res://asset/burg/Zinne1.tscn" type="PackedScene" id=2]
[ext_resource path="res://asset/burg/ZinnePlace.tscn" type="PackedScene" id=3]

[node name="Stock" index="0" instance=ExtResource( 1 )]

[node name="Zinnen" type="Spatial" parent="." index="1"]

[node name="Zinne1" parent="Zinnen" index="0" instance=ExtResource( 2 )]
transform = Transform( 0.935177, 0, 0, 0, 1, 0, 0, 0, 1, -4.06212, 8.25, 20 )

[node name="Zinne2" parent="Zinnen" index="1" instance=ExtResource( 2 )]
transform = Transform( 0.935177, 0, 0, 0, 1, 0, 0, 0, 1, -2.65935, 8.25, 20 )

[node name="Zinne3" parent="Zinnen" index="2" instance=ExtResource( 2 )]
transform = Transform( 0.935177, 0, 0, 0, 1, 0, 0, 0, 1, -1.25658, 8.25, 20 )

[node name="Zinne4" parent="Zinnen" index="3" instance=ExtResource( 2 )]
transform = Transform( 0.935177, 0, 0, 0, 1, 0, 0, 0, 1, 0.146182, 8.25, 20 )

[node name="Zinne5" parent="Zinnen" index="4" instance=ExtResource( 2 )]
transform = Transform( 0.935177, 0, 0, 0, 1, 0, 0, 0, 1, 1.54895, 8.25, 20 )

[node name="Zinne6" parent="Zinnen" index="5" instance=ExtResource( 2 )]
transform = Transform( 0.935177, 0, 0, 0, 1, 0, 0, 0, 1, 2.95171, 8.25, 20 )

[node name="Zinne7" parent="Zinnen" index="6" instance=ExtResource( 2 )]
transform = Transform( 0.935177, 0, 0, 0, 1, 0, 0, 0, 1, 4.35448, 8.25, 20 )

[node name="Zinne8" parent="Zinnen" index="7" instance=ExtResource( 2 )]
transform = Transform( -1.05862, 0, -9.25475e-008, 0, 1, 0, 8.74228e-008, 0, -1, -2.06916, 8.25, 14.75 )

[node name="Zinne9" parent="Zinnen" index="8" instance=ExtResource( 2 )]
transform = Transform( -1.05862, 0, -9.25475e-008, 0, 1, 0, 8.74228e-008, 0, -1, -0.481227, 8.25, 14.75 )

[node name="Zinne10" parent="Zinnen" index="9" instance=ExtResource( 2 )]
transform = Transform( -1.05862, 0, -9.25475e-008, 0, 1, 0, 8.74228e-008, 0, -1, 1.1067, 8.25, 14.75 )

[node name="Zinne11" parent="Zinnen" index="10" instance=ExtResource( 2 )]
transform = Transform( -1.05862, 0, -9.25475e-008, 0, 1, 0, 8.74228e-008, 0, -1, 2.69463, 8.25, 14.75 )

[node name="Zinne12" parent="Zinnen" index="11" instance=ExtResource( 2 )]
transform = Transform( -0.745201, 0, 0.66684, 0, 1, 0, -0.66684, 0, -0.745201, -12.9957, 8.25, 9.56023 )

[node name="Zinne15" parent="Zinnen" index="12" instance=ExtResource( 2 )]
transform = Transform( -0.745201, 0, 0.66684, 0, 1, 0, -0.66684, 0, -0.745201, -10.2535, 8.25, 12.0141 )

[node name="Zinne16" parent="Zinnen" index="13" instance=ExtResource( 2 )]
transform = Transform( 0.73966, 0, -0.67298, 0, 1, 0, 0.67298, 0, 0.73966, -23.0044, 8.25, 9.02603 )

[node name="Zinne26" parent="Zinnen" index="14" instance=ExtResource( 2 )]
transform = Transform( 0.744697, 0, 0.667402, 0, 1, 0, -0.667402, 0, 0.744697, 13.0801, 8.25, 18.1075 )

[node name="Zinne17" parent="Zinnen" index="15" instance=ExtResource( 2 )]
transform = Transform( 0.73966, 0, -0.67298, 0, 1, 0, 0.67298, 0, 0.73966, -21.8954, 8.25, 10.035 )

[node name="Zinne27" parent="Zinnen" index="16" instance=ExtResource( 2 )]
transform = Transform( 0.744697, 0, 0.667402, 0, 1, 0, -0.667402, 0, 0.744697, 14.1956, 8.25, 17.1078 )

[node name="Zinne18" parent="Zinnen" index="17" instance=ExtResource( 2 )]
transform = Transform( 0.73966, 0, -0.67298, 0, 1, 0, 0.67298, 0, 0.73966, -20.7859, 8.25, 11.0445 )

[node name="Zinne34" parent="Zinnen" index="18" instance=ExtResource( 2 )]
transform = Transform( 0.744697, 0, 0.667402, 0, 1, 0, -0.667402, 0, 0.744697, 15.3113, 8.25, 16.1079 )

[node name="Zinne19" parent="Zinnen" index="19" instance=ExtResource( 2 )]
transform = Transform( 0.73966, 0, -0.67298, 0, 1, 0, 0.67298, 0, 0.73966, -19.6752, 8.25, 12.0551 )

[node name="Zinne28" parent="Zinnen" index="20" instance=ExtResource( 2 )]
transform = Transform( 0.744697, 0, 0.667402, 0, 1, 0, -0.667402, 0, 0.744697, 16.4241, 8.25, 15.1106 )

[node name="Zinne20" parent="Zinnen" index="21" instance=ExtResource( 2 )]
transform = Transform( 0.73966, 0, -0.67298, 0, 1, 0, 0.67298, 0, 0.73966, -18.5656, 8.25, 13.0646 )

[node name="Zinne29" parent="Zinnen" index="22" instance=ExtResource( 2 )]
transform = Transform( 0.744697, 0, 0.667402, 0, 1, 0, -0.667402, 0, 0.744697, 17.5419, 8.25, 14.1088 )

[node name="Zinne36" parent="Zinnen" index="23" instance=ExtResource( 2 )]
transform = Transform( -0.740496, 0, -0.67206, 0, 1, 0, 0.67206, 0, -0.740496, 14.2156, 8.25, 8.61595 )

[node name="Zinne37" parent="Zinnen" index="24" instance=ExtResource( 2 )]
transform = Transform( -0.740496, 0, -0.67206, 0, 1, 0, 0.67206, 0, -0.740496, 13.1057, 8.25, 9.62327 )

[node name="Zinne38" parent="Zinnen" index="25" instance=ExtResource( 2 )]
transform = Transform( -0.740496, 0, -0.67206, 0, 1, 0, 0.67206, 0, -0.740496, 11.9956, 8.25, 10.6308 )

[node name="Zinne39" parent="Zinnen" index="26" instance=ExtResource( 2 )]
transform = Transform( -0.740496, 0, -0.67206, 0, 1, 0, 0.67206, 0, -0.740496, 10.8871, 8.25, 11.6368 )

[node name="Zinne21" parent="Zinnen" index="27" instance=ExtResource( 2 )]
transform = Transform( 0.73966, 0, -0.67298, 0, 1, 0, 0.67298, 0, 0.73966, -17.033, 8.25, 14.4591 )

[node name="Zinne30" parent="Zinnen" index="28" instance=ExtResource( 2 )]
transform = Transform( 0.744697, 0, 0.667402, 0, 1, 0, -0.667402, 0, 0.744697, 18.6614, 8.25, 13.1055 )

[node name="Zinne22" parent="Zinnen" index="29" instance=ExtResource( 2 )]
transform = Transform( 0.73966, 0, -0.67298, 0, 1, 0, 0.67298, 0, 0.73966, -15.924, 8.25, 15.4681 )

[node name="Zinne31" parent="Zinnen" index="30" instance=ExtResource( 2 )]
transform = Transform( 0.744697, 0, 0.667402, 0, 1, 0, -0.667402, 0, 0.744697, 19.7795, 8.25, 12.1034 )

[node name="Zinne23" parent="Zinnen" index="31" instance=ExtResource( 2 )]
transform = Transform( 0.73966, 0, -0.67298, 0, 1, 0, 0.67298, 0, 0.73966, -14.8142, 8.25, 16.4779 )

[node name="Zinne35" parent="Zinnen" index="32" instance=ExtResource( 2 )]
transform = Transform( 0.744697, 0, 0.667402, 0, 1, 0, -0.667402, 0, 0.744697, 20.8963, 8.25, 11.1025 )

[node name="Zinne24" parent="Zinnen" index="33" instance=ExtResource( 2 )]
transform = Transform( 0.73966, 0, -0.67298, 0, 1, 0, 0.67298, 0, 0.73966, -13.7021, 8.25, 17.4897 )

[node name="Zinne32" parent="Zinnen" index="34" instance=ExtResource( 2 )]
transform = Transform( 0.744697, 0, 0.667402, 0, 1, 0, -0.667402, 0, 0.744697, 22.0094, 8.25, 10.1049 )

[node name="Zinne25" parent="Zinnen" index="35" instance=ExtResource( 2 )]
transform = Transform( 0.73966, 0, -0.67298, 0, 1, 0, 0.67298, 0, 0.73966, -12.5944, 8.25, 18.4975 )

[node name="Zinne33" parent="Zinnen" index="36" instance=ExtResource( 2 )]
transform = Transform( 0.744697, 0, 0.667402, 0, 1, 0, -0.667402, 0, 0.744697, 23.1256, 8.25, 9.10464 )

[node name="Zinne13" parent="Zinnen" index="37" instance=ExtResource( 2 )]
transform = Transform( -0.745201, 0, 0.66684, 0, 1, 0, -0.66684, 0, -0.745201, -14.1133, 8.25, 8.5601 )

[node name="Zinne14" parent="Zinnen" index="38" instance=ExtResource( 2 )]
transform = Transform( -0.745201, 0, 0.66684, 0, 1, 0, -0.66684, 0, -0.745201, -11.3697, 8.25, 11.0152 )

[node name="ZinnePlace" parent="Zinnen" index="39" instance=ExtResource( 3 )]
transform = Transform( -0.745955, 0, 0.665996, 0, 1, 0, -0.665996, 0, -0.745955, -12.1162, 8.25, 10.22 )

[node name="ZinnePlace2" parent="Zinnen" index="40" instance=ExtResource( 3 )]
transform = Transform( -0.745955, 0, 0.665996, 0, 1, 0, -0.665996, 0, -0.745955, -17.8523, 8.25, 13.8334 )
