[gd_scene load_steps=3 format=2]

[ext_resource path="res://asset/burg/keller/K03/K03.scn" type="PackedScene" id=1]

[sub_resource type="BoxShape" id=1]
extents = Vector3( 3.67091, 2.1189, 4.74492 )

[node name="K03" index="0" instance=ExtResource( 1 )]

[node name="StaticBody" parent="." index="0"]
editor/display_folded = true

[node name="LOD_area" type="Area" parent="." index="1"]
editor/display_folded = true
monitoring = false

[node name="CollisionShape" type="CollisionShape" parent="LOD_area" index="0"]
transform = Transform( 0.987632, 1.13214e-009, 0.156807, -9.68387e-010, 1, -1.12071e-009, -0.156807, 9.54996e-010, 0.987632, 2.36306, 2.13796, -5.17952 )
shape = SubResource( 1 )

[node name="LOD0" type="Spatial" parent="LOD_area" index="1"]
transform = Transform( 0.987632, 1.13214e-009, 0.156807, -9.68387e-010, 1, -1.12071e-009, -0.156807, 9.54996e-010, 0.987632, 2.36306, 2.13796, -5.17952 )

[node name="LOD1" type="Spatial" parent="LOD_area" index="2"]
transform = Transform( 0.987632, 1.13214e-009, 0.156807, -9.68387e-010, 1, -1.12071e-009, -0.156807, 9.54996e-010, 0.987632, 2.36306, 2.13796, -5.17952 )

[node name="LOD2" type="Spatial" parent="LOD_area" index="3"]
transform = Transform( 0.987632, 1.13214e-009, 0.156807, -9.68387e-010, 1, -1.12071e-009, -0.156807, 9.54996e-010, 0.987632, 2.36306, 2.13796, -5.17952 )
