[gd_scene load_steps=7 format=2]

[ext_resource path="res://asset/burg/turm/Turm1.scn" type="PackedScene" id=1]
[ext_resource path="res://preflab/burg/Turm_Dach.tscn" type="PackedScene" id=2]
[ext_resource path="res://asset/burg/turm/Turm_Boden.scn" type="PackedScene" id=3]
[ext_resource path="res://asset/burg/turm/Turm_Boden_ausschnitt.scn" type="PackedScene" id=4]
[ext_resource path="res://asset/burg/turm/Turm_Decke_ausschnitt.scn" type="PackedScene" id=5]
[ext_resource path="res://asset/burg/treppen/Treppe1.scn" type="PackedScene" id=6]

[node name="Turm1" type="Spatial"]

[node name="Mauern" type="Spatial" parent="."]
editor/display_folded = true

[node name="Turm1K" parent="Mauern" instance=ExtResource( 1 )]

[node name="Turm1E" parent="Mauern" instance=ExtResource( 1 )]
transform = Transform( 0.959861, 0, 0.280478, 0, 1, 0, -0.280478, 0, 0.959861, -5.25, 4.25, 21 )

[node name="Turm1S" parent="Mauern" instance=ExtResource( 1 )]
transform = Transform( 0.959861, 0, 0.280478, 0, 1, 0, -0.280478, 0, 0.959861, -5.25, 8.5, 21 )

[node name="Turm_Dach" parent="Mauern" instance=ExtResource( 2 )]
transform = Transform( 0.959742, 0, -0.280883, 0, 1, 0, 0.280883, 0, 0.959742, -12.7568, 12.75, 19.0422 )

[node name="Boden_Decke" type="Spatial" parent="."]
editor/display_folded = true

[node name="Turm_Boden" parent="Boden_Decke" instance=ExtResource( 3 )]
transform = Transform( 0.959543, 0, -0.281562, 0, 1, 0, 0.281562, 0, 0.959543, -12.1359, 0, 18.7088 )

[node name="Turm_Boden_ausschnitt" parent="Boden_Decke" instance=ExtResource( 4 )]
transform = Transform( 0.959858, 0, -0.280487, 0, 1, 0, 0.280487, 0, 0.959858, -10.2235, 4.25, 12.1765 )

[node name="Turm_Boden_ausschnitt2" parent="Boden_Decke" instance=ExtResource( 4 )]
transform = Transform( 0.959858, 0, -0.280487, 0, 1, 0, 0.280487, 0, 0.959858, -10.2235, 8.5, 12.1765 )

[node name="Turm_Decke_ausschnitt" parent="Boden_Decke" instance=ExtResource( 5 )]
transform = Transform( 0.959964, 0, -0.280123, 0, 1, 0, 0.280123, 0, 0.959964, -10.2237, 4, 12.1763 )

[node name="Turm_Decke_ausschnitt2" parent="Boden_Decke" instance=ExtResource( 5 )]
transform = Transform( 0.959964, 0, -0.280123, 0, 1, 0, 0.280123, 0, 0.959964, -10.2237, 8.25, 12.1763 )

[node name="Turm_Decke_ausschnitt3" parent="Boden_Decke" instance=ExtResource( 5 )]
transform = Transform( 0.959964, 0, -0.280123, 0, 1, 0, 0.280123, 0, 0.959964, -10.2237, 12.5, 12.1763 )

[node name="Stufen" type="Spatial" parent="."]
editor/display_folded = true

[node name="Treppe1" parent="Stufen" instance=ExtResource( 6 )]
transform = Transform( 0.960308, 0, -0.27894, 0, 1, 0, 0.27894, 0, 0.960308, -4.76218, 0.25, 17.716 )

[node name="Treppe2" parent="Stufen" instance=ExtResource( 6 )]
transform = Transform( 0.960308, 0, -0.27894, 0, 1, 0, 0.27894, 0, 0.960308, -4.76218, 4.5, 17.716 )

[node name="Treppe3" parent="Stufen" instance=ExtResource( 6 )]
transform = Transform( 0.960308, 0, -0.27894, 0, 1, 0, 0.27894, 0, 0.960308, -4.76218, 8.75, 17.716 )
