[gd_scene load_steps=7 format=2]

[ext_resource path="res://asset/burg/turm/Turm2.scn" type="PackedScene" id=1]
[ext_resource path="res://preflab/burg/Turm_Dach.tscn" type="PackedScene" id=2]
[ext_resource path="res://asset/burg/turm/Turm_Boden.scn" type="PackedScene" id=3]
[ext_resource path="res://asset/burg/turm/Turm_Boden_ausschnitt.scn" type="PackedScene" id=4]
[ext_resource path="res://asset/burg/turm/Turm_Decke_ausschnitt.scn" type="PackedScene" id=5]
[ext_resource path="res://asset/burg/treppen/Treppe1.scn" type="PackedScene" id=6]

[node name="Turm2" type="Spatial"]

[node name="Mauern" type="Spatial" parent="."]
editor/display_folded = true

[node name="Turm2K" parent="Mauern" instance=ExtResource( 1 )]

[node name="Turm2E" parent="Mauern" instance=ExtResource( 1 )]
transform = Transform( 0.767237, 0, 0.641363, 0, 1, 0, -0.641363, 0, 0.767237, -24, 4.25, 9.25 )

[node name="Turm2S" parent="Mauern" instance=ExtResource( 1 )]
transform = Transform( 0.767237, 0, 0.641363, 0, 1, 0, -0.641363, 0, 0.767237, -24, 8.5, 9.25 )

[node name="Turm2S2" parent="Mauern" instance=ExtResource( 1 )]
transform = Transform( 0.767237, 0, 0.641363, 0, 1, 0, -0.641363, 0, 0.767237, -24, 12.75, 9.25 )

[node name="Turm_Dach" parent="Mauern" instance=ExtResource( 2 )]
transform = Transform( 0.767085, 0, -0.641546, 0, 1, 0, 0.641546, 0, 0.767085, -30.1589, 17, 4.31029 )

[node name="Boden_Decke" type="Spatial" parent="."]
editor/display_folded = true

[node name="Turm_Boden" parent="Boden_Decke" instance=ExtResource( 3 )]
transform = Transform( 0.767022, 0, -0.641621, 0, 1, 0, 0.641621, 0, 0.767022, -29.4542, 0, 4.24798 )

[node name="Turm_Boden_ausschnitt" parent="Boden_Decke" instance=ExtResource( 4 )]
transform = Transform( 0.767037, 0, -0.641603, 0, 1, 0, 0.641603, 0, 0.767037, -25.0879, 4.25, -0.970724 )

[node name="Turm_Boden_ausschnitt2" parent="Boden_Decke" instance=ExtResource( 4 )]
transform = Transform( 0.767037, 0, -0.641603, 0, 1, 0, 0.641603, 0, 0.767037, -25.0879, 8.5, -0.970724 )

[node name="Turm_Boden_ausschnitt3" parent="Boden_Decke" instance=ExtResource( 4 )]
transform = Transform( 0.767037, 0, -0.641603, 0, 1, 0, 0.641603, 0, 0.767037, -25.0879, 12.75, -0.970724 )

[node name="Turm_Decke_ausschnitt" parent="Boden_Decke" instance=ExtResource( 5 )]
transform = Transform( 0.767021, 0, -0.641622, 0, 1, 0, 0.641622, 0, 0.767021, -25.0889, 4, -0.967446 )

[node name="Turm_Decke_ausschnitt2" parent="Boden_Decke" instance=ExtResource( 5 )]
transform = Transform( 0.767021, 0, -0.641622, 0, 1, 0, 0.641622, 0, 0.767021, -25.0889, 8.25, -0.967446 )

[node name="Turm_Decke_ausschnitt3" parent="Boden_Decke" instance=ExtResource( 5 )]
transform = Transform( 0.767021, 0, -0.641622, 0, 1, 0, 0.641622, 0, 0.767021, -25.0889, 12.5, -0.967446 )

[node name="Turm_Decke_ausschnitt4" parent="Boden_Decke" instance=ExtResource( 5 )]
transform = Transform( 0.767021, 0, -0.641622, 0, 1, 0, 0.641622, 0, 0.767021, -25.0889, 16.75, -0.967446 )

[node name="Treppe" type="Spatial" parent="."]
editor/display_folded = true

[node name="Treppe1" parent="Treppe" instance=ExtResource( 6 )]
transform = Transform( 0.766499, 0, -0.642246, 0, 1, 0, 0.642246, 0, 0.766499, -22.3205, 0.25, 6.31493 )

[node name="Treppe2" parent="Treppe" instance=ExtResource( 6 )]
transform = Transform( 0.766499, 0, -0.642246, 0, 1, 0, 0.642246, 0, 0.766499, -22.3205, 4.5, 6.31493 )

[node name="Treppe3" parent="Treppe" instance=ExtResource( 6 )]
transform = Transform( 0.766499, 0, -0.642246, 0, 1, 0, 0.642246, 0, 0.766499, -22.3205, 8.75, 6.31493 )

[node name="Treppe4" parent="Treppe" instance=ExtResource( 6 )]
transform = Transform( 0.766499, 0, -0.642246, 0, 1, 0, 0.642246, 0, 0.766499, -22.3205, 13, 6.31493 )
