[gd_scene load_steps=7 format=2]

[ext_resource path="res://asset/burg/turm/Turm7.scn" type="PackedScene" id=1]
[ext_resource path="res://preflab/burg/Turm_Dach.tscn" type="PackedScene" id=2]
[ext_resource path="res://asset/burg/turm/Turm_Boden.scn" type="PackedScene" id=3]
[ext_resource path="res://asset/burg/turm/Turm_Boden_ausschnitt.scn" type="PackedScene" id=4]
[ext_resource path="res://asset/burg/turm/Turm_Decke_ausschnitt.scn" type="PackedScene" id=5]
[ext_resource path="res://asset/burg/treppen/Treppe1.scn" type="PackedScene" id=6]

[node name="Turm7" type="Spatial"]

[node name="Mauern" type="Spatial" parent="."]
editor/display_folded = true

[node name="Turm7K" parent="Mauern" instance=ExtResource( 1 )]

[node name="Turm7E" parent="Mauern" instance=ExtResource( 1 )]
transform = Transform( 0.767237, 0, 0.641363, 0, 1, 0, -0.641363, 0, 0.767237, 24, 4.25, 9.25 )

[node name="Turm7S" parent="Mauern" instance=ExtResource( 1 )]
transform = Transform( 0.767237, 0, 0.641363, 0, 1, 0, -0.641363, 0, 0.767237, 24, 8.5, 9.25 )

[node name="Turm7S2" parent="Mauern" instance=ExtResource( 1 )]
transform = Transform( 0.767237, 0, 0.641363, 0, 1, 0, -0.641363, 0, 0.767237, 24, 12.75, 9.25 )

[node name="Turm_Dach" parent="Mauern" instance=ExtResource( 2 )]
transform = Transform( 0.767232, 0, 0.641369, 0, 1, 0, -0.641369, 0, 0.767232, 24.1741, 17, 9.31327 )

[node name="Boden_Decke" type="Spatial" parent="."]
editor/display_folded = true

[node name="Turm_Boden" parent="Boden_Decke" instance=ExtResource( 3 )]
transform = Transform( 0.767232, 0, 0.641369, 0, 1, 0, -0.641369, 0, 0.767232, 24.237, 0, 8.60902 )

[node name="Turm_Boden_ausschnitt" parent="Boden_Decke" instance=ExtResource( 4 )]
transform = Transform( 0.767232, 0, 0.641369, 0, 1, 0, -0.641369, 0, 0.767232, 19.8753, 4.25, 3.3912 )

[node name="Turm_Boden_ausschnitt2" parent="Boden_Decke" instance=ExtResource( 4 )]
transform = Transform( 0.767232, 0, 0.641369, 0, 1, 0, -0.641369, 0, 0.767232, 19.8753, 8.5, 3.3912 )

[node name="Turm_Boden_ausschnitt3" parent="Boden_Decke" instance=ExtResource( 4 )]
transform = Transform( 0.767232, 0, 0.641369, 0, 1, 0, -0.641369, 0, 0.767232, 19.8753, 12.75, 3.3912 )

[node name="Turm_Decke_ausschnitt" parent="Boden_Decke" instance=ExtResource( 5 )]
transform = Transform( 0.767232, 0, 0.641369, 0, 1, 0, -0.641369, 0, 0.767232, 19.8753, 4, 3.39121 )

[node name="Turm_Decke_ausschnitt2" parent="Boden_Decke" instance=ExtResource( 5 )]
transform = Transform( 0.767232, 0, 0.641369, 0, 1, 0, -0.641369, 0, 0.767232, 19.8753, 8.25, 3.39121 )

[node name="Turm_Decke_ausschnitt3" parent="Boden_Decke" instance=ExtResource( 5 )]
transform = Transform( 0.767232, 0, 0.641369, 0, 1, 0, -0.641369, 0, 0.767232, 19.8753, 12.5, 3.39121 )

[node name="Turm_Decke_ausschnitt4" parent="Boden_Decke" instance=ExtResource( 5 )]
transform = Transform( 0.767232, 0, 0.641369, 0, 1, 0, -0.641369, 0, 0.767232, 19.8753, 16.75, 3.39121 )

[node name="Treppen" type="Spatial" parent="."]
editor/display_folded = true

[node name="Treppe1" parent="Treppen" instance=ExtResource( 6 )]
transform = Transform( 0.767572, 0, 0.640962, 0, 1, 0, -0.640962, 0, 0.767572, 27.5304, 0.25, 1.94901 )

[node name="Treppe2" parent="Treppen" instance=ExtResource( 6 )]
transform = Transform( 0.767572, 0, 0.640962, 0, 1, 0, -0.640962, 0, 0.767572, 27.5304, 4.5, 1.94901 )

[node name="Treppe3" parent="Treppen" instance=ExtResource( 6 )]
transform = Transform( 0.767572, 0, 0.640962, 0, 1, 0, -0.640962, 0, 0.767572, 27.5304, 8.75, 1.94901 )

[node name="Treppe4" parent="Treppen" instance=ExtResource( 6 )]
transform = Transform( 0.767572, 0, 0.640962, 0, 1, 0, -0.640962, 0, 0.767572, 27.5304, 13, 1.94901 )
