[gd_scene load_steps=7 format=2]

[ext_resource path="res://asset/burg/turm/Turm6.scn" type="PackedScene" id=1]
[ext_resource path="res://preflab/burg/Turm_Dach.tscn" type="PackedScene" id=2]
[ext_resource path="res://asset/burg/turm/Turm_Boden.scn" type="PackedScene" id=3]
[ext_resource path="res://asset/burg/turm/Turm_Boden_ausschnitt.scn" type="PackedScene" id=4]
[ext_resource path="res://asset/burg/turm/Turm_Decke_ausschnitt.scn" type="PackedScene" id=5]
[ext_resource path="res://asset/burg/treppen/Treppe1.scn" type="PackedScene" id=6]

[node name="Turm6" type="Spatial"]

[node name="Mauern" type="Spatial" parent="."]

[node name="Turm6" parent="Mauern" instance=ExtResource( 1 )]

[node name="Turm7" parent="Mauern" instance=ExtResource( 1 )]
transform = Transform( 0.77165, 0, 0.636047, 0, 1, 0, -0.636047, 0, 0.77165, 24.75, 4.25, -4.25 )

[node name="Turm8" parent="Mauern" instance=ExtResource( 1 )]
transform = Transform( 0.77165, 0, 0.636047, 0, 1, 0, -0.636047, 0, 0.77165, 24.75, 8.5, -4.25 )

[node name="Turm9" parent="Mauern" instance=ExtResource( 1 )]
transform = Transform( 0.77165, 0, 0.636047, 0, 1, 0, -0.636047, 0, 0.77165, 24.75, 12.75, -4.25 )

[node name="Turm_Dach" parent="Mauern" instance=ExtResource( 2 )]
transform = Transform( -0.638212, 0, 0.76986, 0, 1, 0, -0.76986, 0, -0.638212, 30.7, 17, -9.23811 )

[node name="Boden_Decke" type="Spatial" parent="."]

[node name="Turm_Boden" parent="Boden_Decke" instance=ExtResource( 3 )]
transform = Transform( 0.770006, 0, 0.638036, 0, 1, 0, -0.638036, 0, 0.770006, 24.7655, 0, -4.98367 )

[node name="Turm_Boden_ausschnitt" parent="Boden_Decke" instance=ExtResource( 4 )]
transform = Transform( -0.635808, 0, 0.771847, 0, 1, 0, -0.771847, 0, -0.635808, 24.7484, 4.25, -4.9803 )

[node name="Turm_Boden_ausschnitt2" parent="Boden_Decke" instance=ExtResource( 4 )]
transform = Transform( -0.635808, 0, 0.771847, 0, 1, 0, -0.771847, 0, -0.635808, 24.7484, 8.5, -4.9803 )

[node name="Turm_Boden_ausschnitt3" parent="Boden_Decke" instance=ExtResource( 4 )]
transform = Transform( -0.635808, 0, 0.771847, 0, 1, 0, -0.771847, 0, -0.635808, 24.7484, 12.75, -4.9803 )

[node name="Turm_Decke_ausschnitt" parent="Boden_Decke" instance=ExtResource( 5 )]
transform = Transform( -0.63654, 0, 0.771244, 0, 1, 0, -0.771244, 0, -0.63654, 24.7484, 4, -4.9803 )

[node name="Turm_Decke_ausschnitt2" parent="Boden_Decke" instance=ExtResource( 5 )]
transform = Transform( -0.63654, 0, 0.771244, 0, 1, 0, -0.771244, 0, -0.63654, 24.7484, 8.25, -4.9803 )

[node name="Turm_Decke_ausschnitt3" parent="Boden_Decke" instance=ExtResource( 5 )]
transform = Transform( -0.63654, 0, 0.771244, 0, 1, 0, -0.771244, 0, -0.63654, 24.7484, 12.5, -4.9803 )

[node name="Turm_Decke_ausschnitt4" parent="Boden_Decke" instance=ExtResource( 5 )]
transform = Transform( -0.63654, 0, 0.771244, 0, 1, 0, -0.771244, 0, -0.63654, 24.7484, 16.75, -4.9803 )

[node name="Treppen" type="Spatial" parent="."]

[node name="Treppe1" parent="Treppen" instance=ExtResource( 6 )]
transform = Transform( -0.636319, 0, 0.771426, 0, 1, 0, -0.771426, 0, -0.636319, 23.3449, 0.25, -12.6385 )

[node name="Treppe2" parent="Treppen" instance=ExtResource( 6 )]
transform = Transform( -0.636319, 0, 0.771426, 0, 1, 0, -0.771426, 0, -0.636319, 23.3449, 4.5, -12.6385 )

[node name="Treppe3" parent="Treppen" instance=ExtResource( 6 )]
transform = Transform( -0.636319, 0, 0.771426, 0, 1, 0, -0.771426, 0, -0.636319, 23.3449, 8.75, -12.6385 )

[node name="Treppe4" parent="Treppen" instance=ExtResource( 6 )]
transform = Transform( -0.636319, 0, 0.771426, 0, 1, 0, -0.771426, 0, -0.636319, 23.3449, 13, -12.6385 )
